{
  "clean_acc": 91.27999877929688,
  "bd_acc": 96.95999908447266,
  "cross_acc": 87.45999908447266
}